11111111111111111111111111111111
10000000333000000033300000110001
10000000110000200011000000110001
10000002110000000011000000110001
10000000110000000011000000110001
10000000110000000011000000110201
10000000333000000011000000110001
10000000110000000033300000110001
10000000110000000011020000110001
10000000110000000011000000110001
10000000110000000011000000333001
11311111111131111111331311113311
11311111111131111111331311113311
10303330011030000000330300003301
10003330033300000000000000000001
10003330033300000000000200000001
10001100011111111111113111111111
10003330011111111111113111111111
10001100011000000000003002000001
10201100011000000000000000000001
10001100033300000000000000000001
10001120011000000000000000000001
10001100033300000000000000000001
10001100011000000000000000000001
11111111111111111111111111111111